0.009824443525963298 18147.78098639327
0.015538473360856186 20381.854524096725
0.02480023942781448 32054.008882605933
0.03922817491755265 33577.65945439247
0.06205278156707195 33969.756748548745
0.09815770701297186 34366.43269084741
0.15527498745921708 33969.756748548745
0.2456244681382817 33969.756748548745
0.388545382198532 33969.756748548745
0.6146273421864955 33969.756748548745
0.9722434523147582 34366.43269084741
1.5676312295711 34366.43269084741
2.479745195149769 34767.740747657845
3.9226915114067364 34366.43269084741
6.2049792375642125 35173.735009693875
9.815770701297176 34366.43269084741
15.675557140225907 35584.470199304116
24.79625741470206 36000.00167784822
39.22313594635625 36845.67818708752
62.043814424759596 37711.220494242036
98.14667436611364 37275.93720314946
