0.009845763870674635 3785.744155102049
0.015718659114939484 4887.374631624427
0.024860445615118153 5553.129675281867
0.039338564522137534 4402.480884983806
0.062232396825506554 4202.709887639696
0.09753082117088688 3531.0117249158825
0.15429323116916005 3331.877882813359
0.24643830811995124 3107.6848799584964
0.3898452890666949 3036.3577601873617
0.6167331371155386 2865.120269663782
0.9756684846108292 2703.5398355468265
1.558269966180303 2610.9991033999277
2.4650954832638616 2521.6259913463914
3.8996424711331312 2435.3120734334175
6.228038197212708 2407.2023851160257
9.852089890811408 2379.4171540153984
15.734063335475465 2407.2023851160257
24.651746517600856 2463.7500077604454
38.99454618508971 2521.6259913463914
62.273381834477206 2610.9991033999277
97.57781592983368 2492.5200211329525
